0008/l-8/im0863.jpg 3 256 256 32 32 224 224 	 -0.507027 	 -2.012220 
0008/l-17/im0056.jpg 3 256 256 32 32 224 224 	 1.402575 	 -1.812410 
0008/l-17/im0056.jpg 3 256 256 32 32 224 224 	 1.402575 	 -1.812410 
0008/l-1/im0850.jpg 3 256 256 32 32 224 224 	 2.457978 	 -0.528648 
0008/l-3/im0275.jpg 3 256 256 32 32 224 224 	 2.544017 	 -1.240167 
0008/l-4/im0314.jpg 3 256 256 32 32 224 224 	 1.854440 	 -2.735898 
0008/l-11/im0532.jpg 3 256 256 32 32 224 224 	 -2.280430 	 -2.412652 
0008/l-26/im0703.jpg 3 256 256 32 32 224 224 	 -1.223345 	 -3.122987 
0008/l-4/im0928.jpg 3 256 256 32 32 224 224 	 -0.456843 	 -3.412588 
0008/l-18/im0625.jpg 3 256 256 32 32 224 224 	 3.122598 	 -1.933305 
0008/l-28/im0623.jpg 3 256 256 32 32 224 224 	 -3.448541 	 -1.338394 
0008/l-28/im0623.jpg 3 256 256 32 32 224 224 	 -3.448541 	 -1.338394 
0008/l-16/im0421.jpg 3 256 256 32 32 224 224 	 3.081256 	 -2.079265 
0008/l-19/im0212.jpg 3 256 256 32 32 224 224 	 0.930662 	 -3.790712 
0008/l-26/im0702.jpg 3 256 256 32 32 224 224 	 -1.452231 	 -3.741747 
0008/l-33/im0185.jpg 3 256 256 32 32 224 224 	 -4.174005 	 -0.717236 
0008/l-4/im0051.jpg 3 256 256 32 32 224 224 	 3.964381 	 -2.011926 
0008/l-14/im0567.jpg 3 256 256 32 32 224 224 	 0.467685 	 -4.496742 
0008/l-9/im0867.jpg 3 256 256 32 32 224 224 	 -1.345646 	 -4.397521 
0008/l-16/im0419.jpg 3 256 256 32 32 224 224 	 4.735008 	 -1.090015 
0008/l-25/im0293.jpg 3 256 256 32 32 224 224 	 4.706150 	 -1.812377 
0008/l-33/im0002.jpg 3 256 256 32 32 224 224 	 4.943722 	 -1.358869 
0008/l-33/im0088.jpg 3 256 256 32 32 224 224 	 -4.273873 	 -3.070421 
0008/l-4/im0990.jpg 3 256 256 32 32 224 224 	 4.823934 	 -2.241103 
0008/l-7/im0223.jpg 3 256 256 32 32 224 224 	 -3.997558 	 -3.746524 
0008/l-11/im0983.jpg 3 256 256 32 32 224 224 	 4.990240 	 -2.791621 
0008/l-6/im0445.jpg 3 256 256 32 32 224 224 	 -1.156398 	 -5.638245 
0008/l-10/im0350.jpg 3 256 256 32 32 224 224 	 -3.855033 	 -4.433064 
0008/l-10/im0350.jpg 3 256 256 32 32 224 224 	 -3.855033 	 -4.433064 
0008/l-32/im0996.jpg 3 256 256 32 32 224 224 	 3.301731 	 -4.985785 
0008/l-32/im0996.jpg 3 256 256 32 32 224 224 	 3.301731 	 -4.985785 
0008/l-25/im0003.jpg 3 256 256 32 32 224 224 	 -0.981079 	 -6.226561 
0008/l-10/im0950.jpg 3 256 256 32 32 224 224 	 6.285851 	 -0.954305 
0008/l-18/im0760.jpg 3 256 256 32 32 224 224 	 5.339545 	 -3.465839 
0008/l-25/im0440.jpg 3 256 256 32 32 224 224 	 2.334633 	 -6.164482 
0008/l-29/im0777.jpg 3 256 256 32 32 224 224 	 0.934863 	 -6.621970 
0008/l-6/im0370.jpg 3 256 256 32 32 224 224 	 -3.861140 	 -5.477548 
0008/l-29/im0666.jpg 3 256 256 32 32 224 224 	 6.449706 	 -1.858431 
0008/l-14/im0036.jpg 3 256 256 32 32 224 224 	 6.621567 	 -1.597441 
0008/l-23/im0773.jpg 3 256 256 32 32 224 224 	 -3.928697 	 -5.630620 
0008/l-11/im0570.jpg 3 256 256 32 32 224 224 	 -6.072272 	 -3.247362 
0008/l-20/im0727.jpg 3 256 256 32 32 224 224 	 -1.045908 	 -6.920413 
0008/l-26/im0813.jpg 3 256 256 32 32 224 224 	 -4.414213 	 -5.457905 
0008/l-28/im0421.jpg 3 256 256 32 32 224 224 	 6.611332 	 -2.401582 
0008/l-14/im0034.jpg 3 256 256 32 32 224 224 	 5.003210 	 -4.976368 
0008/l-15/im0445.jpg 3 256 256 32 32 224 224 	 -6.525947 	 -2.743055 
0008/l-20/im0821.jpg 3 256 256 32 32 224 224 	 2.501283 	 -6.689967 
0008/l-26/im0615.jpg 3 256 256 32 32 224 224 	 6.289031 	 -3.680427 
0008/l-15/im0117.jpg 3 256 256 32 32 224 224 	 6.458228 	 -3.475589 
0008/l-1/im0447.jpg 3 256 256 32 32 224 224 	 3.134109 	 -6.638735 
0008/l-15/im0803.jpg 3 256 256 32 32 224 224 	 -6.139295 	 -4.040203 
0008/l-12/im0796.jpg 3 256 256 32 32 224 224 	 6.462417 	 -4.039006 
0008/l-3/im0356.jpg 3 256 256 32 32 224 224 	 -2.017897 	 -7.380772 
0008/l-16/im0324.jpg 3 256 256 32 32 224 224 	 6.721216 	 -3.719522 
0008/l-21/im0758.jpg 3 256 256 32 32 224 224 	 7.485994 	 -2.211756 
0008/l-18/im0626.jpg 3 256 256 32 32 224 224 	 -5.116608 	 -5.939732 
0008/l-25/im0149.jpg 3 256 256 32 32 224 224 	 -3.950921 	 -6.809182 
0008/l-25/im0149.jpg 3 256 256 32 32 224 224 	 -3.950921 	 -6.809182 
0008/l-6/im0639.jpg 3 256 256 32 32 224 224 	 7.621899 	 -2.124535 
0008/l-0/im0763.jpg 3 256 256 32 32 224 224 	 1.569041 	 -7.775697 
0008/l-15/im0120.jpg 3 256 256 32 32 224 224 	 6.057392 	 -5.269916 
0008/l-32/im0223.jpg 3 256 256 32 32 224 224 	 4.930746 	 -6.370697 
0008/l-11/im0568.jpg 3 256 256 32 32 224 224 	 4.229037 	 -6.910888 
0008/l-11/im0568.jpg 3 256 256 32 32 224 224 	 4.229037 	 -6.910888 
0008/l-11/im0568.jpg 3 256 256 32 32 224 224 	 4.229037 	 -6.910888 
0008/l-16/im0420.jpg 3 256 256 32 32 224 224 	 8.036747 	 -1.662463 
0008/l-17/im0510.jpg 3 256 256 32 32 224 224 	 7.772099 	 -2.693329 
0008/l-0/im0674.jpg 3 256 256 32 32 224 224 	 8.286349 	 -1.065645 
0008/l-30/im0268.jpg 3 256 256 32 32 224 224 	 8.248140 	 -2.033058 
0008/l-2/im0616.jpg 3 256 256 32 32 224 224 	 -6.870037 	 -5.286896 
0008/l-29/im0375.jpg 3 256 256 32 32 224 224 	 7.039759 	 -5.222250 
0008/l-28/im0991.jpg 3 256 256 32 32 224 224 	 8.757815 	 -0.655529 
0008/l-20/im0313.jpg 3 256 256 32 32 224 224 	 5.869555 	 -6.685658 
0008/l-20/im0724.jpg 3 256 256 32 32 224 224 	 -2.099616 	 -8.660501 
0008/l-20/im0724.jpg 3 256 256 32 32 224 224 	 -2.099616 	 -8.660501 
0008/l-27/im0114.jpg 3 256 256 32 32 224 224 	 -9.004797 	 -0.919513 
0008/l-5/im0457.jpg 3 256 256 32 32 224 224 	 8.552792 	 -3.572874 
0008/l-1/im0612.jpg 3 256 256 32 32 224 224 	 5.680275 	 -7.513958 
0008/l-22/im0008.jpg 3 256 256 32 32 224 224 	 0.609706 	 -9.496333 
0008/l-33/im0322.jpg 3 256 256 32 32 224 224 	 8.713802 	 -3.943282 
0008/l-24/im0343.jpg 3 256 256 32 32 224 224 	 7.105886 	 -6.425157 
0008/l-33/im0093.jpg 3 256 256 32 32 224 224 	 8.567957 	 -4.320718 
0008/l-33/im0123.jpg 3 256 256 32 32 224 224 	 3.698578 	 -8.988869 
0008/l-3/im0375.jpg 3 256 256 32 32 224 224 	 8.317308 	 -5.041376 
0008/l-29/im0507.jpg 3 256 256 32 32 224 224 	 -9.659305 	 -1.970239 
0008/l-15/im0245.jpg 3 256 256 32 32 224 224 	 7.202638 	 -6.886271 
0008/l-14/im0561.jpg 3 256 256 32 32 224 224 	 0.473629 	 -10.130279 
0008/l-3/im0168.jpg 3 256 256 32 32 224 224 	 8.153863 	 -6.065857 
0008/l-6/im0033.jpg 3 256 256 32 32 224 224 	 8.661539 	 -5.350907 
0008/l-4/im0265.jpg 3 256 256 32 32 224 224 	 10.165358 	 -0.824610 
0008/l-18/im0777.jpg 3 256 256 32 32 224 224 	 -1.101508 	 -10.157035 
0008/l-18/im0701.jpg 3 256 256 32 32 224 224 	 7.813240 	 -6.657771 
0008/l-22/im0727.jpg 3 256 256 32 32 224 224 	 7.534285 	 -7.032438 
0008/l-1/im0523.jpg 3 256 256 32 32 224 224 	 -9.198304 	 -4.781611 
0008/l-14/im0842.jpg 3 256 256 32 32 224 224 	 -6.826643 	 -7.846610 
0008/l-32/im0590.jpg 3 256 256 32 32 224 224 	 -5.501125 	 -8.828897 
0008/l-17/im0112.jpg 3 256 256 32 32 224 224 	 9.316323 	 -4.779122 
0008/l-32/im0690.jpg 3 256 256 32 32 224 224 	 -6.492599 	 -8.282740 
0008/l-12/im0075.jpg 3 256 256 32 32 224 224 	 -9.990869 	 -3.451125 
0008/l-27/im0775.jpg 3 256 256 32 32 224 224 	 9.895222 	 -3.797035 
