0009/l-80/im0900.jpg 3 256 256 32 32 224 224 	 -0.008015 	 -0.021230 
0063/l-124/im0576.jpg 3 256 256 32 32 224 224 	 0.028389 	 0.000000 
0014/l-26/im0151.jpg 3 256 256 32 32 224 224 	 0.053623 	 0.000000 
0011/l-36/im0677.jpg 3 256 256 32 32 224 224 	 0.000000 	 -0.060291 
0016/l-78/im0874.jpg 3 256 256 32 32 224 224 	 0.052331 	 -0.049588 
0014/l-36/im0892.jpg 3 256 256 32 32 224 224 	 0.000000 	 -0.083032 
0063/l-65/im0174.jpg 3 256 256 32 32 224 224 	 -0.083632 	 0.041715 
0002/l-58/im0164.jpg 3 256 256 32 32 224 224 	 -0.069331 	 0.069331 
0063/l-116/im0634.jpg 3 256 256 32 32 224 224 	 0.129210 	 -0.000555 
0002/l-27/im0424.jpg 3 256 256 32 32 224 224 	 -0.105528 	 0.098493 
0005/l-53/im0585.jpg 3 256 256 32 32 224 224 	 0.000647 	 0.159565 
0063/l-135/im0910.jpg 3 256 256 32 32 224 224 	 0.113312 	 -0.113707 
0065/l-56/im0036.jpg 3 256 256 32 32 224 224 	 0.000000 	 -0.163235 
0065/l-18/im0609.jpg 3 256 256 32 32 224 224 	 0.000000 	 -0.163235 
0065/l-5/im0647.jpg 3 256 256 32 32 224 224 	 0.000000 	 -0.163235 
0065/l-115/im0255.jpg 3 256 256 32 32 224 224 	 0.000000 	 -0.163235 
0065/l-56/im0034.jpg 3 256 256 32 32 224 224 	 0.000000 	 -0.163235 
0065/l-115/im0257.jpg 3 256 256 32 32 224 224 	 0.000000 	 -0.163235 
0065/l-5/im0626.jpg 3 256 256 32 32 224 224 	 0.000000 	 -0.163235 
0065/l-61/im0764.jpg 3 256 256 32 32 224 224 	 0.000000 	 -0.163235 
0002/l-26/im0332.jpg 3 256 256 32 32 224 224 	 0.125712 	 -0.108829 
0063/l-125/im0093.jpg 3 256 256 32 32 224 224 	 0.000000 	 -0.177280 
0005/l-8/im0594.jpg 3 256 256 32 32 224 224 	 0.000000 	 -0.177280 
0063/l-125/im0062.jpg 3 256 256 32 32 224 224 	 0.000000 	 -0.177280 
0063/l-28/im0356.jpg 3 256 256 32 32 224 224 	 0.000000 	 -0.177280 
0063/l-38/im0123.jpg 3 256 256 32 32 224 224 	 0.000000 	 -0.177280 
0063/l-125/im0090.jpg 3 256 256 32 32 224 224 	 0.000000 	 -0.177280 
0063/l-38/im0121.jpg 3 256 256 32 32 224 224 	 0.000000 	 -0.177280 
0056/l-20/im0714.jpg 3 256 256 32 32 224 224 	 0.000000 	 -0.199060 
0014/l-92/im0246.jpg 3 256 256 32 32 224 224 	 0.066247 	 -0.198740 
0063/l-122/im0941.jpg 3 256 256 32 32 224 224 	 -0.052197 	 0.208788 
0066/l-45/im0291.jpg 3 256 256 32 32 224 224 	 -0.218769 	 0.000000 
0016/l-18/im0532.jpg 3 256 256 32 32 224 224 	 0.000000 	 0.218954 
0056/l-79/im0423.jpg 3 256 256 32 32 224 224 	 0.153099 	 -0.171470 
0056/l-18/im0283.jpg 3 256 256 32 32 224 224 	 0.153099 	 -0.171470 
0014/l-134/im0420.jpg 3 256 256 32 32 224 224 	 0.037887 	 -0.227324 
0014/l-1/im0360.jpg 3 256 256 32 32 224 224 	 0.000000 	 -0.259064 
0068/l-114/im0512.jpg 3 256 256 32 32 224 224 	 0.234666 	 0.110431 
0068/l-23/im0166.jpg 3 256 256 32 32 224 224 	 0.234666 	 0.110431 
0006/l-44/im0763.jpg 3 256 256 32 32 224 224 	 -0.268066 	 0.000000 
0065/l-42/im0813.jpg 3 256 256 32 32 224 224 	 -0.268066 	 0.000000 
0066/l-89/im0834.jpg 3 256 256 32 32 224 224 	 0.000000 	 0.268066 
0006/l-20/im0511.jpg 3 256 256 32 32 224 224 	 -0.268066 	 0.000000 
0065/l-119/im0889.jpg 3 256 256 32 32 224 224 	 -0.268066 	 0.000000 
0065/l-141/im0951.jpg 3 256 256 32 32 224 224 	 -0.268066 	 0.000000 
0065/l-42/im0812.jpg 3 256 256 32 32 224 224 	 -0.268066 	 0.000000 
0065/l-68/im0044.jpg 3 256 256 32 32 224 224 	 -0.268066 	 0.000000 
0006/l-20/im0511.jpg 3 256 256 32 32 224 224 	 -0.268066 	 0.000000 
0012/l-113/im0017.jpg 3 256 256 32 32 224 224 	 0.000000 	 -0.268364 
0064/l-11/im0767.jpg 3 256 256 32 32 224 224 	 -0.241842 	 -0.120921 
0010/l-70/im0499.jpg 3 256 256 32 32 224 224 	 -0.270059 	 -0.015432 
0015/l-35/im0912.jpg 3 256 256 32 32 224 224 	 -0.270059 	 -0.015432 
0015/l-35/im0912.jpg 3 256 256 32 32 224 224 	 -0.270059 	 -0.015432 
0010/l-70/im0500.jpg 3 256 256 32 32 224 224 	 -0.270059 	 -0.015432 
0015/l-35/im0912.jpg 3 256 256 32 32 224 224 	 -0.270059 	 -0.015432 
0057/l-12/im0577.jpg 3 256 256 32 32 224 224 	 0.000000 	 0.271949 
0057/l-12/im0577.jpg 3 256 256 32 32 224 224 	 0.000000 	 0.271949 
0057/l-12/im0577.jpg 3 256 256 32 32 224 224 	 0.000000 	 0.271949 
0002/l-4/im0413.jpg 3 256 256 32 32 224 224 	 0.000000 	 0.273196 
0009/l-13/im0579.jpg 3 256 256 32 32 224 224 	 0.000000 	 0.277316 
0067/l-143/im0061.jpg 3 256 256 32 32 224 224 	 -0.278789 	 0.000000 
0067/l-108/im0285.jpg 3 256 256 32 32 224 224 	 -0.239814 	 -0.152353 
0057/l-20/im0720.jpg 3 256 256 32 32 224 224 	 0.284239 	 0.000000 
0057/l-20/im0721.jpg 3 256 256 32 32 224 224 	 0.284239 	 0.000000 
0065/l-37/im0940.jpg 3 256 256 32 32 224 224 	 0.000000 	 -0.284532 
0065/l-111/im0058.jpg 3 256 256 32 32 224 224 	 0.000000 	 -0.284532 
0057/l-38/im0145.jpg 3 256 256 32 32 224 224 	 -0.198697 	 0.207018 
0057/l-38/im0145.jpg 3 256 256 32 32 224 224 	 -0.198697 	 0.207018 
0057/l-18/im0903.jpg 3 256 256 32 32 224 224 	 -0.198697 	 0.207018 
0005/l-54/im0292.jpg 3 256 256 32 32 224 224 	 -0.292232 	 0.000000 
0068/l-94/im0739.jpg 3 256 256 32 32 224 224 	 -0.267232 	 -0.125756 
0068/l-94/im0739.jpg 3 256 256 32 32 224 224 	 -0.267232 	 -0.125756 
